-0.877714 ,0.000000,0.000000,
0.000411 ,0.415888,0.000000,
-0.193662 ,0.492840,0.000000,
-0.877714 ,0.000000,0.000000,
-0.868451 ,-0.150464,0.000000,
-0.808798 ,-0.257411,0.000000,
-0.193662 ,0.492840,0.000000,
-0.373903 ,0.512719,0.000000,
-0.877714 ,0.000000,0.000000,
-0.490110 ,0.517325,0.000000,
-0.612124 ,0.479878,0.000000,
-0.704043 ,0.411038,0.000000,
-0.704043 ,0.411038,0.000000,
-0.808798 ,0.257411,0.000000,
-0.373903 ,0.512719,0.000000,
-0.868451 ,0.150464,0.000000,
-0.890283 ,0.060613,0.000000,
-0.877714 ,0.000000,0.000000,
-0.877714 ,0.000000,0.000000,
0.416614 ,0.000000,0.000000,
0.093563 ,0.369774,0.000000,
0.406128 ,0.079057,0.000000,
0.375073 ,0.155076,0.000000,
0.416614 ,0.000000,0.000000,
0.324643 ,0.225135,0.000000,
0.256775 ,0.286542,0.000000,
0.416614 ,0.000000,0.000000,
0.093563 ,0.369774,0.000000,
0.000411 ,0.415888,0.000000,
-0.877714 ,0.000000,0.000000,
0.256775 ,0.286542,0.000000,
0.174078 ,0.336937,0.000000,
0.416614 ,0.000000,0.000000,
0.416614 ,0.000000,0.000000,
0.174078 ,0.336937,0.000000,
0.093563 ,0.369774,0.000000,
-0.808798 ,0.257411,0.000000,
-0.868451 ,0.150464,0.000000,
-0.877714 ,0.000000,0.000000,
-0.373903 ,0.512719,0.000000,
-0.490110 ,0.517325,0.000000,
-0.704043 ,0.411038,0.000000,
0.324643 ,0.225135,0.000000,
0.416614 ,0.000000,0.000000,
0.375073 ,0.155076,0.000000,
-0.808798 ,0.257411,0.000000,
-0.877714 ,0.000000,0.000000,
-0.373903 ,0.512719,0.000000,
-0.490110 ,-0.517325,0.000000,
-0.704043 ,-0.411038,0.000000,
-0.612124 ,-0.479878,0.000000,
-0.193662 ,-0.492840,0.000000,
-0.877714 ,0.000000,0.000000,
-0.373903 ,-0.512719,0.000000,
0.093563 ,-0.369774,0.000000,
0.174078 ,-0.336937,0.000000,
0.416614 ,0.000000,0.000000,
0.256775 ,-0.286542,0.000000,
0.324643 ,-0.225135,0.000000,
0.416614 ,0.000000,0.000000,
0.375073 ,-0.155076,0.000000,
0.406128 ,-0.079057,0.000000,
0.416614 ,0.000000,0.000000,
0.416614 ,0.000000,0.000000,
-0.877714 ,0.000000,0.000000,
0.093563 ,-0.369774,0.000000,
-0.890283 ,-0.060613,0.000000,
-0.868451 ,-0.150464,0.000000,
-0.877714 ,0.000000,0.000000,
-0.808798 ,-0.257411,0.000000,
-0.704043 ,-0.411038,0.000000,
-0.373903 ,-0.512719,0.000000,
-0.490110 ,-0.517325,0.000000,
-0.373903 ,-0.512719,0.000000,
-0.704043 ,-0.411038,0.000000,
0.000411 ,-0.415888,0.000000,
-0.877714 ,0.000000,0.000000,
-0.193662 ,-0.492840,0.000000,
0.324643 ,-0.225135,0.000000,
0.375073 ,-0.155076,0.000000,
0.416614 ,0.000000,0.000000,
-0.877714 ,0.000000,0.000000,
0.000411 ,-0.415888,0.000000,
0.093563 ,-0.369774,0.000000,
-0.808798 ,-0.257411,0.000000,
-0.373903 ,-0.512719,0.000000,
-0.877714 ,0.000000,0.000000,
0.174078 ,-0.336937,0.000000,
0.256775 ,-0.286542,0.000000,
0.416614 ,0.000000,0.000000,
-0.980785 ,-0.195090,0.000000,
-0.900510 ,-0.179122,0.000000,
-0.918152 ,0.000000,0.000000,
0.900510 ,0.179124,0.000000,
0.903967 ,0.079962,0.000000,
0.980785 ,0.195091,0.000000,
0.980785 ,0.195091,0.000000,
0.980785 ,0.195091,0.000000,
0.923879 ,0.382684,0.000000,
0.923879 ,0.382684,0.000000,
0.831469 ,0.555571,0.000000,
0.763415 ,0.510099,0.000000,
0.707106 ,0.707108,0.000000,
0.555569 ,0.831470,0.000000,
0.510097 ,0.763416,0.000000,
0.382682 ,0.923880,0.000000,
0.195089 ,0.980786,0.000000,
0.179121 ,0.900510,0.000000,
0.000000 ,1.000000,0.000000,
-0.195090 ,0.980785,0.000000,
-0.179123 ,0.900510,0.000000,
-0.382683 ,0.923880,0.000000,
-0.555570 ,0.831470,0.000000,
-0.510098 ,0.763416,0.000000,
-0.707107 ,0.707107,0.000000,
-0.831470 ,0.555570,0.000000,
-0.763416 ,0.510098,0.000000,
-0.923880 ,0.382683,0.000000,
-0.980785 ,0.195090,0.000000,
-0.900510 ,0.179123,0.000000,
-1.000000 ,0.000000,0.000000,
-0.980785 ,-0.195090,0.000000,
-0.918152 ,0.000000,0.000000,
-0.923880 ,-0.382683,0.000000,
-0.831470 ,-0.555570,0.000000,
-0.848262 ,-0.351361,0.000000,
-0.707107 ,-0.707107,0.000000,
-0.555570 ,-0.831470,0.000000,
-0.649232 ,-0.649232,0.000000,
-0.382683 ,-0.923880,0.000000,
-0.195090 ,-0.980785,0.000000,
-0.351361 ,-0.848262,0.000000,
0.000000 ,-1.000000,0.000000,
0.195091 ,-0.980785,0.000000,
0.000000 ,-0.918152,0.000000,
0.382684 ,-0.923879,0.000000,
0.555571 ,-0.831469,0.000000,
0.351362 ,-0.848262,0.000000,
0.707107 ,-0.707106,0.000000,
0.831470 ,-0.555570,0.000000,
0.649232 ,-0.649231,0.000000,
0.923880 ,-0.382683,0.000000,
0.980785 ,-0.195089,0.000000,
0.900510 ,-0.179122,0.000000,
0.848262 ,0.351363,0.000000,
0.900510 ,0.179124,0.000000,
0.980785 ,0.195091,0.000000,
0.980785 ,-0.195089,0.000000,
0.905584 ,-0.063696,0.000000,
0.900510 ,-0.179122,0.000000,
0.763415 ,0.510099,0.000000,
0.848262 ,0.351363,0.000000,
0.923879 ,0.382684,0.000000,
0.923880 ,-0.382683,0.000000,
0.900510 ,-0.179122,0.000000,
0.848262 ,-0.351361,0.000000,
0.848262 ,0.351363,0.000000,
0.980785 ,0.195091,0.000000,
0.923879 ,0.382684,0.000000,
0.923880 ,-0.382683,0.000000,
0.848262 ,-0.351361,0.000000,
0.763416 ,-0.510097,0.000000,
0.649231 ,0.649232,0.000000,
0.763415 ,0.510099,0.000000,
0.831469 ,0.555571,0.000000,
0.923880 ,-0.382683,0.000000,
0.763416 ,-0.510097,0.000000,
0.831470 ,-0.555570,0.000000,
0.649231 ,0.649232,0.000000,
0.831469 ,0.555571,0.000000,
0.707106 ,0.707108,0.000000,
0.831470 ,-0.555570,0.000000,
0.763416 ,-0.510097,0.000000,
0.649232 ,-0.649231,0.000000,
0.510097 ,0.763416,0.000000,
0.649231 ,0.649232,0.000000,
0.707106 ,0.707108,0.000000,
0.707107 ,-0.707106,0.000000,
0.649232 ,-0.649231,0.000000,
0.510098 ,-0.763415,0.000000,
0.351360 ,0.848262,0.000000,
0.510097 ,0.763416,0.000000,
0.555569 ,0.831470,0.000000,
0.707107 ,-0.707106,0.000000,
0.510098 ,-0.763415,0.000000,
0.555571 ,-0.831469,0.000000,
0.351360 ,0.848262,0.000000,
0.555569 ,0.831470,0.000000,
0.382682 ,0.923880,0.000000,
0.555571 ,-0.831469,0.000000,
0.510098 ,-0.763415,0.000000,
0.351362 ,-0.848262,0.000000,
0.179121 ,0.900510,0.000000,
0.351360 ,0.848262,0.000000,
0.382682 ,0.923880,0.000000,
0.382684 ,-0.923879,0.000000,
0.351362 ,-0.848262,0.000000,
0.179123 ,-0.900510,0.000000,
0.000000 ,0.918152,0.000000,
0.179121 ,0.900510,0.000000,
0.195089 ,0.980786,0.000000,
0.382684 ,-0.923879,0.000000,
0.179123 ,-0.900510,0.000000,
0.195091 ,-0.980785,0.000000,
0.000000 ,0.918152,0.000000,
0.195089 ,0.980786,0.000000,
0.000000 ,1.000000,0.000000,
0.195091 ,-0.980785,0.000000,
0.179123 ,-0.900510,0.000000,
0.000000 ,-0.918152,0.000000,
-0.179123 ,0.900510,0.000000,
0.000000 ,0.918152,0.000000,
0.000000 ,1.000000,0.000000,
0.000000 ,-1.000000,0.000000,
0.000000 ,-0.918152,0.000000,
-0.179122 ,-0.900510,0.000000,
-0.351362 ,0.848262,0.000000,
-0.179123 ,0.900510,0.000000,
-0.195090 ,0.980785,0.000000,
0.000000 ,-1.000000,0.000000,
-0.179122 ,-0.900510,0.000000,
-0.195090 ,-0.980785,0.000000,
-0.351362 ,0.848262,0.000000,
-0.195090 ,0.980785,0.000000,
-0.382683 ,0.923880,0.000000,
-0.195090 ,-0.980785,0.000000,
-0.179122 ,-0.900510,0.000000,
-0.351361 ,-0.848262,0.000000,
-0.510098 ,0.763416,0.000000,
-0.351362 ,0.848262,0.000000,
-0.382683 ,0.923880,0.000000,
-0.382683 ,-0.923880,0.000000,
-0.351361 ,-0.848262,0.000000,
-0.510098 ,-0.763416,0.000000,
-0.649232 ,0.649232,0.000000,
-0.510098 ,0.763416,0.000000,
-0.555570 ,0.831470,0.000000,
-0.382683 ,-0.923880,0.000000,
-0.510098 ,-0.763416,0.000000,
-0.555570 ,-0.831470,0.000000,
-0.649232 ,0.649232,0.000000,
-0.555570 ,0.831470,0.000000,
-0.707107 ,0.707107,0.000000,
-0.555570 ,-0.831470,0.000000,
-0.510098 ,-0.763416,0.000000,
-0.649232 ,-0.649232,0.000000,
-0.763416 ,0.510098,0.000000,
-0.649232 ,0.649232,0.000000,
-0.707107 ,0.707107,0.000000,
-0.707107 ,-0.707107,0.000000,
-0.649232 ,-0.649232,0.000000,
-0.763416 ,-0.510098,0.000000,
-0.848262 ,0.351362,0.000000,
-0.763416 ,0.510098,0.000000,
-0.831470 ,0.555570,0.000000,
-0.707107 ,-0.707107,0.000000,
-0.763416 ,-0.510098,0.000000,
-0.831470 ,-0.555570,0.000000,
-0.848262 ,0.351362,0.000000,
-0.831470 ,0.555570,0.000000,
-0.923880 ,0.382683,0.000000,
-0.831470 ,-0.555570,0.000000,
-0.763416 ,-0.510098,0.000000,
-0.848262 ,-0.351361,0.000000,
-0.900510 ,0.179123,0.000000,
-0.848262 ,0.351362,0.000000,
-0.923880 ,0.382683,0.000000,
-0.923880 ,-0.382683,0.000000,
-0.848262 ,-0.351361,0.000000,
-0.900510 ,-0.179122,0.000000,
-0.918152 ,0.000000,0.000000,
-0.900510 ,0.179123,0.000000,
-0.980785 ,0.195090,0.000000,
-0.923880 ,-0.382683,0.000000,
-0.900510 ,-0.179122,0.000000,
-0.980785 ,-0.195090,0.000000,
-0.980785 ,0.195090,0.000000,
-1.000000 ,0.000000,0.000000,
-0.918152 ,0.000000,0.000000,
0.879164 ,0.000000,0.000000,
0.431897 ,0.075548,0.000000,
0.307400 ,0.000000,0.000000,
0.431897 ,-0.075548,0.000000,
0.879164 ,0.000000,0.000000,
0.307400 ,0.000000,0.000000,
0.879164 ,0.000000,0.000000,
0.860720 ,0.144713,0.000000,
0.431897 ,0.075548,0.000000,
0.431897 ,-0.075548,0.000000,
0.860720 ,-0.144713,0.000000,
0.879164 ,0.000000,0.000000,
