0.182219 ,0.000000,0.000000,
0.370700 ,0.000000,0.000000,
0.329044 ,0.000000,0.000000,
0.182219 ,0.000000,0.000000,
0.184206 ,0.000000,0.000000,
0.197010 ,0.000000,0.000000,
0.329044 ,0.000000,0.000000,
0.290357 ,0.000000,0.000000,
0.182219 ,0.000000,0.000000,
0.265414 ,0.000000,0.000000,
0.239224 ,0.000000,0.000000,
0.219495 ,0.000000,0.000000,
0.219495 ,0.000000,0.000000,
0.197010 ,0.000000,0.000000,
0.290357 ,0.000000,0.000000,
0.184206 ,0.000000,0.000000,
0.179521 ,0.000000,0.000000,
0.182219 ,0.000000,0.000000,
0.182219 ,0.000000,0.000000,
0.460035 ,0.000000,0.000000,
0.390695 ,0.000000,0.000000,
0.457784 ,0.000000,0.000000,
0.451118 ,0.000000,0.000000,
0.460035 ,0.000000,0.000000,
0.440293 ,0.000000,0.000000,
0.425727 ,0.000000,0.000000,
0.460035 ,0.000000,0.000000,
0.390695 ,0.000000,0.000000,
0.370700 ,0.000000,0.000000,
0.182219 ,0.000000,0.000000,
0.425727 ,0.000000,0.000000,
0.407977 ,0.000000,0.000000,
0.460035 ,0.000000,0.000000,
0.460035 ,0.000000,0.000000,
0.407977 ,0.000000,0.000000,
0.390695 ,0.000000,0.000000,
0.197010 ,0.000000,0.000000,
0.184206 ,0.000000,0.000000,
0.182219 ,0.000000,0.000000,
0.290357 ,0.000000,0.000000,
0.265414 ,0.000000,0.000000,
0.219495 ,0.000000,0.000000,
0.440293 ,0.000000,0.000000,
0.460035 ,0.000000,0.000000,
0.451118 ,0.000000,0.000000,
0.197010 ,0.000000,0.000000,
0.182219 ,0.000000,0.000000,
0.290357 ,0.000000,0.000000,
0.265414 ,0.000000,0.000000,
0.219495 ,0.000000,0.000000,
0.239224 ,0.000000,0.000000,
0.329044 ,0.000000,0.000000,
0.182219 ,0.000000,0.000000,
0.290357 ,0.000000,0.000000,
0.390694 ,0.000000,0.000000,
0.407976 ,0.000000,0.000000,
0.460035 ,0.000000,0.000000,
0.425726 ,0.000000,0.000000,
0.440293 ,0.000000,0.000000,
0.460035 ,0.000000,0.000000,
0.451118 ,0.000000,0.000000,
0.457784 ,0.000000,0.000000,
0.460035 ,0.000000,0.000000,
0.460035 ,0.000000,0.000000,
0.182219 ,0.000000,0.000000,
0.390694 ,0.000000,0.000000,
0.179521 ,0.000000,0.000000,
0.184206 ,0.000000,0.000000,
0.182219 ,0.000000,0.000000,
0.197010 ,0.000000,0.000000,
0.219495 ,0.000000,0.000000,
0.290357 ,0.000000,0.000000,
0.265414 ,0.000000,0.000000,
0.290357 ,0.000000,0.000000,
0.219495 ,0.000000,0.000000,
0.370700 ,0.000000,0.000000,
0.182219 ,0.000000,0.000000,
0.329044 ,0.000000,0.000000,
0.440293 ,0.000000,0.000000,
0.451118 ,0.000000,0.000000,
0.460035 ,0.000000,0.000000,
0.182219 ,0.000000,0.000000,
0.370700 ,0.000000,0.000000,
0.390694 ,0.000000,0.000000,
0.197010 ,0.000000,0.000000,
0.290357 ,0.000000,0.000000,
0.182219 ,0.000000,0.000000,
0.407976 ,0.000000,0.000000,
0.425726 ,0.000000,0.000000,
0.460035 ,0.000000,0.000000,
0.894503 ,0.000000,0.000000,
0.893632 ,0.000000,0.000000,
0.912797 ,0.000000,0.000000,
0.874092 ,0.000000,0.000000,
0.863729 ,0.000000,0.000000,
0.873067 ,0.000000,0.000000,
0.873067 ,0.000000,0.000000,
0.873221 ,0.000000,0.000000,
0.894504 ,0.000000,0.000000,
0.894504 ,0.000000,0.000000,
0.915377 ,0.000000,0.000000,
0.912798 ,0.000000,0.000000,
0.935040 ,0.000000,0.000000,
0.952735 ,0.000000,0.000000,
0.947098 ,0.000000,0.000000,
0.967784 ,0.000000,0.000000,
0.979608 ,0.000000,0.000000,
0.971772 ,0.000000,0.000000,
0.987753 ,0.000000,0.000000,
0.991904 ,0.000000,0.000000,
0.983062 ,0.000000,0.000000,
0.991904 ,0.000000,0.000000,
0.987753 ,0.000000,0.000000,
0.979249 ,0.000000,0.000000,
0.979608 ,0.000000,0.000000,
0.967783 ,0.000000,0.000000,
0.960915 ,0.000000,0.000000,
0.180392 ,0.160784,0.376471,
0.180392 ,0.160784,0.376471,
0.180392 ,0.160784,0.376471,
0.180392 ,0.160784,0.376471,
0.894503 ,0.000000,0.000000,
0.912797 ,0.000000,0.000000,
0.873220 ,0.000000,0.000000,
0.852347 ,0.000000,0.000000,
0.874092 ,0.000000,0.000000,
0.832684 ,0.000000,0.000000,
0.814989 ,0.000000,0.000000,
0.836873 ,0.000000,0.000000,
0.799940 ,0.000000,0.000000,
0.788116 ,0.000000,0.000000,
0.806809 ,0.000000,0.000000,
0.779971 ,0.000000,0.000000,
0.775820 ,0.000000,0.000000,
0.788475 ,0.000000,0.000000,
0.775820 ,0.000000,0.000000,
0.779971 ,0.000000,0.000000,
0.784663 ,0.000000,0.000000,
0.788117 ,0.000000,0.000000,
0.799941 ,0.000000,0.000000,
0.795953 ,0.000000,0.000000,
0.814990 ,0.000000,0.000000,
0.832685 ,0.000000,0.000000,
0.836874 ,0.000000,0.000000,
0.893632 ,0.000000,0.000000,
0.874092 ,0.000000,0.000000,
0.873067 ,0.000000,0.000000,
0.832685 ,0.000000,0.000000,
0.848706 ,0.000000,0.000000,
0.836874 ,0.000000,0.000000,
0.912798 ,0.000000,0.000000,
0.893632 ,0.000000,0.000000,
0.894504 ,0.000000,0.000000,
0.814990 ,0.000000,0.000000,
0.836874 ,0.000000,0.000000,
0.820627 ,0.000000,0.000000,
0.893632 ,0.000000,0.000000,
0.873067 ,0.000000,0.000000,
0.894504 ,0.000000,0.000000,
0.814990 ,0.000000,0.000000,
0.820627 ,0.000000,0.000000,
0.806809 ,0.000000,0.000000,
0.930851 ,0.000000,0.000000,
0.912798 ,0.000000,0.000000,
0.915377 ,0.000000,0.000000,
0.814990 ,0.000000,0.000000,
0.806809 ,0.000000,0.000000,
0.799941 ,0.000000,0.000000,
0.930851 ,0.000000,0.000000,
0.915377 ,0.000000,0.000000,
0.935040 ,0.000000,0.000000,
0.799941 ,0.000000,0.000000,
0.806809 ,0.000000,0.000000,
0.795953 ,0.000000,0.000000,
0.947098 ,0.000000,0.000000,
0.930851 ,0.000000,0.000000,
0.935040 ,0.000000,0.000000,
0.788117 ,0.000000,0.000000,
0.795953 ,0.000000,0.000000,
0.788476 ,0.000000,0.000000,
0.960915 ,0.000000,0.000000,
0.947098 ,0.000000,0.000000,
0.952735 ,0.000000,0.000000,
0.788117 ,0.000000,0.000000,
0.788476 ,0.000000,0.000000,
0.779971 ,0.000000,0.000000,
0.960915 ,0.000000,0.000000,
0.952735 ,0.000000,0.000000,
0.967784 ,0.000000,0.000000,
0.779971 ,0.000000,0.000000,
0.788476 ,0.000000,0.000000,
0.784663 ,0.000000,0.000000,
0.971772 ,0.000000,0.000000,
0.960915 ,0.000000,0.000000,
0.967784 ,0.000000,0.000000,
0.775820 ,0.000000,0.000000,
0.784663 ,0.000000,0.000000,
0.784663 ,0.000000,0.000000,
0.979249 ,0.000000,0.000000,
0.971772 ,0.000000,0.000000,
0.979608 ,0.000000,0.000000,
0.775820 ,0.000000,0.000000,
0.784663 ,0.000000,0.000000,
0.775820 ,0.000000,0.000000,
0.979249 ,0.000000,0.000000,
0.979608 ,0.000000,0.000000,
0.987753 ,0.000000,0.000000,
0.775820 ,0.000000,0.000000,
0.784663 ,0.000000,0.000000,
0.788475 ,0.000000,0.000000,
0.983062 ,0.000000,0.000000,
0.979249 ,0.000000,0.000000,
0.987753 ,0.000000,0.000000,
0.779971 ,0.000000,0.000000,
0.788475 ,0.000000,0.000000,
0.795953 ,0.000000,0.000000,
0.983062 ,0.000000,0.000000,
0.983062 ,0.000000,0.000000,
0.991904 ,0.000000,0.000000,
0.779971 ,0.000000,0.000000,
0.795953 ,0.000000,0.000000,
0.788116 ,0.000000,0.000000,
0.983062 ,0.000000,0.000000,
0.991904 ,0.000000,0.000000,
0.991904 ,0.000000,0.000000,
0.788116 ,0.000000,0.000000,
0.795953 ,0.000000,0.000000,
0.806809 ,0.000000,0.000000,
0.979249 ,0.000000,0.000000,
0.983062 ,0.000000,0.000000,
0.991904 ,0.000000,0.000000,
0.799940 ,0.000000,0.000000,
0.806809 ,0.000000,0.000000,
0.820626 ,0.000000,0.000000,
0.971771 ,0.000000,0.000000,
0.979249 ,0.000000,0.000000,
0.987753 ,0.000000,0.000000,
0.799940 ,0.000000,0.000000,
0.820626 ,0.000000,0.000000,
0.814989 ,0.000000,0.000000,
0.971771 ,0.000000,0.000000,
0.987753 ,0.000000,0.000000,
0.979608 ,0.000000,0.000000,
0.814989 ,0.000000,0.000000,
0.820626 ,0.000000,0.000000,
0.836873 ,0.000000,0.000000,
0.960915 ,0.000000,0.000000,
0.971771 ,0.000000,0.000000,
0.979608 ,0.000000,0.000000,
0.832684 ,0.000000,0.000000,
0.836873 ,0.000000,0.000000,
0.854927 ,0.000000,0.000000,
0.180392 ,0.160784,0.376471,
0.960915 ,0.000000,0.000000,
0.967783 ,0.000000,0.000000,
0.832684 ,0.000000,0.000000,
0.854927 ,0.000000,0.000000,
0.852347 ,0.000000,0.000000,
0.180392 ,0.160784,0.376471,
0.967783 ,0.000000,0.000000,
0.180392 ,0.160784,0.376471,
0.852347 ,0.000000,0.000000,
0.854927 ,0.000000,0.000000,
0.874092 ,0.000000,0.000000,
0.180392 ,0.160784,0.376471,
0.180392 ,0.160784,0.376471,
0.180392 ,0.160784,0.376471,
0.873220 ,0.000000,0.000000,
0.874092 ,0.000000,0.000000,
0.893632 ,0.000000,0.000000,
0.912797 ,0.000000,0.000000,
0.180392 ,0.160784,0.376471,
0.180392 ,0.160784,0.376471,
0.873220 ,0.000000,0.000000,
0.893632 ,0.000000,0.000000,
0.894503 ,0.000000,0.000000,
0.180392 ,0.160784,0.376471,
0.180392 ,0.160784,0.376471,
0.912797 ,0.000000,0.000000,
0.428286 ,0.000000,0.000000,
0.218190 ,0.000000,0.000000,
0.159785 ,0.000000,0.000000,
0.218308 ,0.000000,0.000000,
0.428286 ,0.000000,0.000000,
0.159785 ,0.000000,0.000000,
0.428286 ,0.000000,0.000000,
0.419511 ,0.000000,0.000000,
0.218190 ,0.000000,0.000000,
0.218308 ,0.000000,0.000000,
0.419739 ,0.000000,0.000000,
0.428286 ,0.000000,0.000000,
