
-0.877714 0.0 0.0 0.052117 0.22167 0.0 0.0 1.0 
0.000411 0.415888 0.0 0.270584 0.088808 0.0 0.0 1.0 
-0.193662 0.49284 0.0 0.222301 0.064225 0.0 0.0 1.0 
-0.868451 -0.150464 0.0 0.054421 0.269738 0.0 0.0 1.0 
-0.808798 -0.257411 0.0 0.069262 0.303904 0.0 0.0 1.0 
-0.373903 0.512719 0.0 0.177459 0.057874 0.0 0.0 1.0 
-0.49011 0.517325 0.0 0.148548 0.056403 0.0 0.0 1.0 
-0.612124 0.479878 0.0 0.118192 0.068366 0.0 0.0 1.0 
-0.704043 0.411038 0.0 0.095324 0.090358 0.0 0.0 1.0 
-0.808798 0.257411 0.0 0.069262 0.139436 0.0 0.0 1.0 
-0.868451 0.150464 0.0 0.054421 0.173602 0.0 0.0 1.0 
-0.890283 0.060613 0.0 0.04899 0.202306 0.0 0.0 1.0 
0.416614 0.0 0.0 0.374131 0.22167 0.0 0.0 1.0 
0.093563 0.369774 0.0 0.29376 0.103541 0.0 0.0 1.0 
0.406128 0.079057 0.0 0.371522 0.196414 0.0 0.0 1.0 
0.375073 0.155076 0.0 0.363796 0.172129 0.0 0.0 1.0 
0.324643 0.225135 0.0 0.351249 0.149748 0.0 0.0 1.0 
0.256775 0.286542 0.0 0.334365 0.13013 0.0 0.0 1.0 
0.174078 0.336937 0.0 0.313791 0.114031 0.0 0.0 1.0 
-0.49011 -0.517325 0.0 0.148548 0.386937 0.0 0.0 1.0 
-0.704043 -0.411038 0.0 0.095324 0.352982 0.0 0.0 1.0 
-0.612124 -0.479878 0.0 0.118192 0.374974 0.0 0.0 1.0 
-0.193662 -0.49284 0.0 0.222301 0.379115 0.0 0.0 1.0 
-0.373903 -0.512719 0.0 0.177459 0.385466 0.0 0.0 1.0 
0.093563 -0.369774 0.0 0.293759 0.3398 0.0 0.0 1.0 
0.174078 -0.336937 0.0 0.31379 0.32931 0.0 0.0 1.0 
0.256775 -0.286542 0.0 0.334364 0.31321 0.0 0.0 1.0 
0.324643 -0.225135 0.0 0.351249 0.293593 0.0 0.0 1.0 
0.375073 -0.155076 0.0 0.363796 0.271211 0.0 0.0 1.0 
0.406128 -0.079057 0.0 0.371522 0.246926 0.0 0.0 1.0 
-0.890283 -0.060613 0.0 0.04899 0.241033 0.0 0.0 1.0 
0.000411 -0.415888 0.0 0.270584 0.354532 0.0 0.0 1.0 
-0.980785 -0.19509 0.0 0.877719 0.985589 0.0 0.0 1.0 
-0.90051 -0.179122 0.0 0.87671 0.963418 0.0 0.0 1.0 
-0.918152 0.0 0.0 0.898924 0.953861 0.0 0.0 1.0 
0.90051 0.179124 0.0 0.854061 0.466005 0.0 0.0 1.0 
0.903967 0.079962 0.0 0.84205 0.473395 0.0 0.0 1.0 
0.980785 0.195091 0.0 0.852873 0.443872 0.0 0.0 1.0 
0.980785 0.195091 0.0 0.853052 0.443834 0.0 0.0 1.0 
0.923879 0.382684 0.0 0.87772 0.443834 0.0 0.0 1.0 
0.831469 0.555571 0.0 0.901914 0.454244 0.0 0.0 1.0 
0.763415 0.510099 0.0 0.898925 0.475563 0.0 0.0 1.0 
0.707106 0.707108 0.0 0.924705 0.474664 0.0 0.0 1.0 
0.555569 0.83147 0.0 0.945216 0.504308 0.0 0.0 1.0 
0.510097 0.763416 0.0 0.938682 0.521529 0.0 0.0 1.0 
0.382682 0.92388 0.0 0.962659 0.542038 0.0 0.0 1.0 
0.195089 0.980786 0.0 0.976364 0.586404 0.0 0.0 1.0 
0.179121 0.90051 0.0 0.967281 0.596906 0.0 0.0 1.0 
0.0 1.0 0.0 0.985804 0.6357 0.0 0.0 1.0 
-0.19509 0.980785 0.0 0.990616 0.688033 0.0 0.0 1.0 
-0.179123 0.90051 0.0 0.980367 0.690217 0.0 0.0 1.0 
-0.382683 0.92388 0.0 0.990616 0.741392 0.0 0.0 1.0 
-0.55557 0.83147 0.0 0.985804 0.793725 0.0 0.0 1.0 
-0.510098 0.763416 0.0 0.975948 0.787258 0.0 0.0 1.0 
-0.707107 0.707107 0.0 0.976364 0.843021 0.0 0.0 1.0 
-0.83147 0.55557 0.0 0.962658 0.887387 0.0 0.0 1.0 
-0.763416 0.510098 0.0 0.954697 0.873254 0.0 0.0 1.0 
-0.92388 0.382683 0.0 0.945215 0.925116 0.0 0.0 1.0 
-0.980785 0.19509 0.0 0.924704 0.95476 0.0 0.0 1.0 
-0.90051 0.179123 0.0 0.919849 0.935113 0.0 0.0 1.0 
-1.0 0.0 0.0 0.901914 0.97518 0.0 0.0 1.0 
-0.92388 -0.382683 0.0 0.853051 0.985589 0.0 0.0 1.0 
-0.83147 -0.55557 0.0 0.828857 0.975179 0.0 0.0 1.0 
-0.848262 -0.351361 0.0 0.854061 0.963418 0.0 0.0 1.0 
-0.707107 -0.707107 0.0 0.806066 0.95476 0.0 0.0 1.0 
-0.55557 -0.83147 0.0 0.785555 0.925115 0.0 0.0 1.0 
-0.649232 -0.649232 0.0 0.810921 0.935112 0.0 0.0 1.0 
-0.382683 -0.92388 0.0 0.768112 0.887385 0.0 0.0 1.0 
-0.19509 -0.980785 0.0 0.754407 0.843019 0.0 0.0 1.0 
-0.351361 -0.848262 0.0 0.776074 0.873252 0.0 0.0 1.0 
0.0 -1.0 0.0 0.744967 0.793723 0.0 0.0 1.0 
0.195091 -0.980785 0.0 0.740155 0.74139 0.0 0.0 1.0 
0.0 -0.918152 0.0 0.754823 0.787256 0.0 0.0 1.0 
0.382684 -0.923879 0.0 0.740155 0.688032 0.0 0.0 1.0 
0.555571 -0.831469 0.0 0.744967 0.635699 0.0 0.0 1.0 
0.351362 -0.848262 0.0 0.750405 0.690215 0.0 0.0 1.0 
0.707107 -0.707106 0.0 0.754408 0.586402 0.0 0.0 1.0 
0.83147 -0.55557 0.0 0.768113 0.542037 0.0 0.0 1.0 
0.649232 -0.649231 0.0 0.763491 0.596904 0.0 0.0 1.0 
0.92388 -0.382683 0.0 0.785556 0.504307 0.0 0.0 1.0 
0.980785 -0.195089 0.0 0.806067 0.474663 0.0 0.0 1.0 
0.90051 -0.179122 0.0 0.810922 0.494311 0.0 0.0 1.0 
0.848262 0.351363 0.0 0.87671 0.466005 0.0 0.0 1.0 
0.905584 -0.063696 0.0 0.824636 0.483869 0.0 0.0 1.0 
0.848262 -0.351361 0.0 0.79209 0.521528 0.0 0.0 1.0 
0.763416 -0.510097 0.0 0.776074 0.55617 0.0 0.0 1.0 
0.649231 0.649232 0.0 0.91985 0.494311 0.0 0.0 1.0 
0.510098 -0.763415 0.0 0.754824 0.642166 0.0 0.0 1.0 
0.35136 0.848262 0.0 0.954697 0.556171 0.0 0.0 1.0 
0.179123 -0.90051 0.0 0.750405 0.739206 0.0 0.0 1.0 
0.0 0.918152 0.0 0.975948 0.642167 0.0 0.0 1.0 
-0.179122 -0.90051 0.0 0.763491 0.832518 0.0 0.0 1.0 
-0.351362 0.848262 0.0 0.980367 0.739208 0.0 0.0 1.0 
-0.510098 -0.763416 0.0 0.792089 0.907894 0.0 0.0 1.0 
-0.649232 0.649232 0.0 0.96728 0.832519 0.0 0.0 1.0 
-0.763416 -0.510098 0.0 0.831847 0.95386 0.0 0.0 1.0 
-0.848262 0.351362 0.0 0.938681 0.907895 0.0 0.0 1.0 
0.879164 0.0 0.0 0.337332 0.813322 0.0 0.0 1.0 
0.431897 0.075548 0.0 0.093811 0.884887 0.0 0.0 1.0 
0.3074 0.0 0.0 0.026114 0.812408 0.0 0.0 1.0 
0.431897 -0.075548 0.0 0.093948 0.740327 0.0 0.0 1.0 
0.86072 0.144713 0.0 0.327161 0.951745 0.0 0.0 1.0 
0.86072 -0.144713 0.0 0.327425 0.67484 0.0 0.0 1.0 

0 1 2
0 3 4
2 5 0
6 7 8
8 9 5
10 11 0
0 12 13
14 15 12
16 17 12
13 1 0
17 18 12
12 18 13
9 10 0
5 6 8
16 12 15
9 0 5
19 20 21
22 0 23
24 25 12
26 27 12
28 29 12
12 0 24
30 3 0
4 20 23
19 23 20
31 0 22
27 28 12
0 31 24
4 23 0
25 26 12
32 33 34
35 36 37
37 38 39
39 40 41
42 43 44
45 46 47
48 49 50
51 52 53
54 55 56
57 58 59
60 32 34
61 62 63
64 65 66
67 68 69
70 71 72
73 74 75
76 77 78
79 80 81
82 35 37
80 83 81
41 82 39
79 81 84
82 37 39
79 84 85
86 41 40
79 85 77
86 40 42
77 85 78
44 86 42
76 78 87
88 44 43
76 87 74
88 43 45
74 87 75
47 88 45
73 75 89
90 47 46
73 89 71
90 46 48
71 89 72
50 90 48
70 72 91
92 50 49
70 91 68
92 49 51
68 91 69
53 92 51
67 69 93
94 53 52
67 93 65
94 52 54
65 93 66
56 94 54
64 66 95
96 56 55
64 95 62
96 55 57
62 95 63
59 96 57
61 63 33
34 59 58
61 33 32
58 60 34
97 98 99
100 97 99
97 101 98
100 102 97