0.564345 ,0.000000,0.000000,
0.452964 ,0.000000,0.000000,
0.456510 ,0.000000,0.000000,
0.240871 ,0.000000,0.000000,
0.135950 ,0.000000,0.000000,
0.133096 ,0.000000,0.000000,
0.558880 ,0.000000,0.000000,
0.452164 ,0.000000,0.000000,
0.452964 ,0.000000,0.000000,
0.347188 ,0.000000,0.000000,
0.252294 ,0.000000,0.000000,
0.241525 ,0.000000,0.000000,
0.241525 ,0.000000,0.000000,
0.133095 ,0.000000,0.000000,
0.135950 ,0.000000,0.000000,
0.351637 ,0.000000,0.000000,
0.257501 ,0.000000,0.000000,
0.252294 ,0.000000,0.000000,
0.252294 ,0.000000,0.000000,
0.149523 ,0.000000,0.000000,
0.133095 ,0.000000,0.000000,
0.360807 ,0.000000,0.000000,
0.288361 ,0.000000,0.000000,
0.257501 ,0.000000,0.000000,
0.257501 ,0.000000,0.000000,
0.160081 ,0.000000,0.000000,
0.149523 ,0.000000,0.000000,
0.564345 ,0.000000,0.000000,
0.664982 ,0.000000,0.000000,
0.558880 ,0.000000,0.000000,
0.887818 ,0.000000,0.000000,
0.983855 ,0.000000,0.000000,
0.877537 ,0.000000,0.000000,
0.558880 ,0.000000,0.000000,
0.655040 ,0.000000,0.000000,
0.553416 ,0.000000,0.000000,
0.664982 ,0.000000,0.000000,
0.756538 ,0.000000,0.000000,
0.655040 ,0.000000,0.000000,
0.877537 ,0.000000,0.000000,
0.977538 ,0.000000,0.000000,
0.857322 ,0.000000,0.000000,
0.553416 ,0.000000,0.000000,
0.643264 ,0.000000,0.000000,
0.547954 ,0.000000,0.000000,
0.655040 ,0.000000,0.000000,
0.737229 ,0.000000,0.000000,
0.643264 ,0.000000,0.000000,
0.756538 ,0.000000,0.000000,
0.840383 ,0.000000,0.000000,
0.737229 ,0.000000,0.000000,
0.857322 ,0.000000,0.000000,
0.952456 ,0.000000,0.000000,
0.840383 ,0.000000,0.000000,
0.547954 ,0.000000,0.000000,
0.630534 ,0.000000,0.000000,
0.542491 ,0.000000,0.000000,
0.643264 ,0.000000,0.000000,
0.710357 ,0.000000,0.000000,
0.630534 ,0.000000,0.000000,
0.737229 ,0.000000,0.000000,
0.799311 ,0.000000,0.000000,
0.710357 ,0.000000,0.000000,
0.840383 ,0.000000,0.000000,
0.928767 ,0.000000,0.000000,
0.799311 ,0.000000,0.000000,
0.564345 ,0.000000,0.000000,
0.463706 ,0.000000,0.000000,
0.569809 ,0.000000,0.000000,
0.456510 ,0.000000,0.000000,
0.357467 ,0.000000,0.000000,
0.463706 ,0.000000,0.000000,
0.348682 ,0.000000,0.000000,
0.251153 ,0.000000,0.000000,
0.357467 ,0.000000,0.000000,
0.240871 ,0.000000,0.000000,
0.144833 ,0.000000,0.000000,
0.251153 ,0.000000,0.000000,
0.569809 ,0.000000,0.000000,
0.473650 ,0.000000,0.000000,
0.575272 ,0.000000,0.000000,
0.357467 ,0.000000,0.000000,
0.271367 ,0.000000,0.000000,
0.372152 ,0.000000,0.000000,
0.251153 ,0.000000,0.000000,
0.151151 ,0.000000,0.000000,
0.271367 ,0.000000,0.000000,
0.575272 ,0.000000,0.000000,
0.485425 ,0.000000,0.000000,
0.580736 ,0.000000,0.000000,
0.271367 ,0.000000,0.000000,
0.176234 ,0.000000,0.000000,
0.288306 ,0.000000,0.000000,
0.391460 ,0.000000,0.000000,
0.329379 ,0.000000,0.000000,
0.418332 ,0.000000,0.000000,
0.288306 ,0.000000,0.000000,
0.199921 ,0.000000,0.000000,
0.329379 ,0.000000,0.000000,
0.564345 ,0.000000,0.000000,
0.675725 ,0.000000,0.000000,
0.672179 ,0.000000,0.000000,
0.887818 ,0.000000,0.000000,
0.992740 ,0.000000,0.000000,
0.995594 ,0.000000,0.000000,
0.569809 ,0.000000,0.000000,
0.676526 ,0.000000,0.000000,
0.675725 ,0.000000,0.000000,
0.675725 ,0.000000,0.000000,
0.777053 ,0.000000,0.000000,
0.781501 ,0.000000,0.000000,
0.887165 ,0.000000,0.000000,
0.995594 ,0.000000,0.000000,
0.992740 ,0.000000,0.000000,
0.575272 ,0.000000,0.000000,
0.675494 ,0.000000,0.000000,
0.676526 ,0.000000,0.000000,
0.676526 ,0.000000,0.000000,
0.767883 ,0.000000,0.000000,
0.777053 ,0.000000,0.000000,
0.777053 ,0.000000,0.000000,
0.871189 ,0.000000,0.000000,
0.876394 ,0.000000,0.000000,
0.876394 ,0.000000,0.000000,
0.979166 ,0.000000,0.000000,
0.995594 ,0.000000,0.000000,
0.580736 ,0.000000,0.000000,
0.673501 ,0.000000,0.000000,
0.675494 ,0.000000,0.000000,
0.675494 ,0.000000,0.000000,
0.753081 ,0.000000,0.000000,
0.767883 ,0.000000,0.000000,
0.767883 ,0.000000,0.000000,
0.840327 ,0.000000,0.000000,
0.871189 ,0.000000,0.000000,
0.871189 ,0.000000,0.000000,
0.968608 ,0.000000,0.000000,
0.979166 ,0.000000,0.000000,
0.564345 ,0.000000,0.000000,
0.558880 ,0.000000,0.000000,
0.452964 ,0.000000,0.000000,
0.240871 ,0.000000,0.000000,
0.241525 ,0.000000,0.000000,
0.135950 ,0.000000,0.000000,
0.558880 ,0.000000,0.000000,
0.553416 ,0.000000,0.000000,
0.452164 ,0.000000,0.000000,
0.241525 ,0.000000,0.000000,
0.252294 ,0.000000,0.000000,
0.133095 ,0.000000,0.000000,
0.351637 ,0.000000,0.000000,
0.360807 ,0.000000,0.000000,
0.257501 ,0.000000,0.000000,
0.252294 ,0.000000,0.000000,
0.257501 ,0.000000,0.000000,
0.149523 ,0.000000,0.000000,
0.360807 ,0.000000,0.000000,
0.375607 ,0.000000,0.000000,
0.288361 ,0.000000,0.000000,
0.257501 ,0.000000,0.000000,
0.288361 ,0.000000,0.000000,
0.160081 ,0.000000,0.000000,
0.564345 ,0.000000,0.000000,
0.672179 ,0.000000,0.000000,
0.664982 ,0.000000,0.000000,
0.887818 ,0.000000,0.000000,
0.995594 ,0.000000,0.000000,
0.983855 ,0.000000,0.000000,
0.558880 ,0.000000,0.000000,
0.664982 ,0.000000,0.000000,
0.655040 ,0.000000,0.000000,
0.877537 ,0.000000,0.000000,
0.983855 ,0.000000,0.000000,
0.977538 ,0.000000,0.000000,
0.553416 ,0.000000,0.000000,
0.655040 ,0.000000,0.000000,
0.643264 ,0.000000,0.000000,
0.655040 ,0.000000,0.000000,
0.756538 ,0.000000,0.000000,
0.737229 ,0.000000,0.000000,
0.756538 ,0.000000,0.000000,
0.857322 ,0.000000,0.000000,
0.840383 ,0.000000,0.000000,
0.857322 ,0.000000,0.000000,
0.977538 ,0.000000,0.000000,
0.952456 ,0.000000,0.000000,
0.547954 ,0.000000,0.000000,
0.643264 ,0.000000,0.000000,
0.630534 ,0.000000,0.000000,
0.643264 ,0.000000,0.000000,
0.737229 ,0.000000,0.000000,
0.710357 ,0.000000,0.000000,
0.737229 ,0.000000,0.000000,
0.840383 ,0.000000,0.000000,
0.799311 ,0.000000,0.000000,
0.840383 ,0.000000,0.000000,
0.952456 ,0.000000,0.000000,
0.928767 ,0.000000,0.000000,
0.564345 ,0.000000,0.000000,
0.456510 ,0.000000,0.000000,
0.463706 ,0.000000,0.000000,
0.348682 ,0.000000,0.000000,
0.240871 ,0.000000,0.000000,
0.251153 ,0.000000,0.000000,
0.240871 ,0.000000,0.000000,
0.133096 ,0.000000,0.000000,
0.144833 ,0.000000,0.000000,
0.569809 ,0.000000,0.000000,
0.463706 ,0.000000,0.000000,
0.473650 ,0.000000,0.000000,
0.357467 ,0.000000,0.000000,
0.251153 ,0.000000,0.000000,
0.271367 ,0.000000,0.000000,
0.251153 ,0.000000,0.000000,
0.144833 ,0.000000,0.000000,
0.151151 ,0.000000,0.000000,
0.575272 ,0.000000,0.000000,
0.473650 ,0.000000,0.000000,
0.485425 ,0.000000,0.000000,
0.271367 ,0.000000,0.000000,
0.151151 ,0.000000,0.000000,
0.176234 ,0.000000,0.000000,
0.391460 ,0.000000,0.000000,
0.288306 ,0.000000,0.000000,
0.329379 ,0.000000,0.000000,
0.288306 ,0.000000,0.000000,
0.176234 ,0.000000,0.000000,
0.199921 ,0.000000,0.000000,
0.564345 ,0.000000,0.000000,
0.569809 ,0.000000,0.000000,
0.675725 ,0.000000,0.000000,
0.672179 ,0.000000,0.000000,
0.675725 ,0.000000,0.000000,
0.781501 ,0.000000,0.000000,
0.887818 ,0.000000,0.000000,
0.887165 ,0.000000,0.000000,
0.992740 ,0.000000,0.000000,
0.569809 ,0.000000,0.000000,
0.575272 ,0.000000,0.000000,
0.676526 ,0.000000,0.000000,
0.675725 ,0.000000,0.000000,
0.676526 ,0.000000,0.000000,
0.777053 ,0.000000,0.000000,
0.887165 ,0.000000,0.000000,
0.876394 ,0.000000,0.000000,
0.995594 ,0.000000,0.000000,
0.575272 ,0.000000,0.000000,
0.580736 ,0.000000,0.000000,
0.675494 ,0.000000,0.000000,
0.676526 ,0.000000,0.000000,
0.675494 ,0.000000,0.000000,
0.767883 ,0.000000,0.000000,
0.777053 ,0.000000,0.000000,
0.767883 ,0.000000,0.000000,
0.871189 ,0.000000,0.000000,
0.876394 ,0.000000,0.000000,
0.871189 ,0.000000,0.000000,
0.979166 ,0.000000,0.000000,
0.580736 ,0.000000,0.000000,
0.586198 ,0.000000,0.000000,
0.673501 ,0.000000,0.000000,
0.675494 ,0.000000,0.000000,
0.673501 ,0.000000,0.000000,
0.753081 ,0.000000,0.000000,
0.767883 ,0.000000,0.000000,
0.753081 ,0.000000,0.000000,
0.840327 ,0.000000,0.000000,
0.871189 ,0.000000,0.000000,
0.840327 ,0.000000,0.000000,
0.968608 ,0.000000,0.000000,
0.392157 ,0.196078,0.196078,
0.392157 ,0.196078,0.196078,
0.392157 ,0.196078,0.196078,
0.392157 ,0.196078,0.196078,
0.392157 ,0.196078,0.196078,
0.392157 ,0.196078,0.196078,
0.456510 ,0.000000,0.000000,
0.347188 ,0.000000,0.000000,
0.348682 ,0.000000,0.000000,
0.348682 ,0.000000,0.000000,
0.241525 ,0.000000,0.000000,
0.240871 ,0.000000,0.000000,
0.240871 ,0.000000,0.000000,
0.135950 ,0.000000,0.000000,
0.133096 ,0.000000,0.000000,
0.347188 ,0.000000,0.000000,
0.252294 ,0.000000,0.000000,
0.241525 ,0.000000,0.000000,
0.241525 ,0.000000,0.000000,
0.133095 ,0.000000,0.000000,
0.135950 ,0.000000,0.000000,
0.553416 ,0.000000,0.000000,
0.453196 ,0.000000,0.000000,
0.452164 ,0.000000,0.000000,
0.351637 ,0.000000,0.000000,
0.257501 ,0.000000,0.000000,
0.252294 ,0.000000,0.000000,
0.252294 ,0.000000,0.000000,
0.149523 ,0.000000,0.000000,
0.133095 ,0.000000,0.000000,
0.547954 ,0.000000,0.000000,
0.455188 ,0.000000,0.000000,
0.453196 ,0.000000,0.000000,
0.257501 ,0.000000,0.000000,
0.160081 ,0.000000,0.000000,
0.149523 ,0.000000,0.000000,
0.564345 ,0.000000,0.000000,
0.463706 ,0.000000,0.000000,
0.569809 ,0.000000,0.000000,
0.456510 ,0.000000,0.000000,
0.357467 ,0.000000,0.000000,
0.463706 ,0.000000,0.000000,
0.348682 ,0.000000,0.000000,
0.251153 ,0.000000,0.000000,
0.357467 ,0.000000,0.000000,
0.240871 ,0.000000,0.000000,
0.144833 ,0.000000,0.000000,
0.251153 ,0.000000,0.000000,
0.569809 ,0.000000,0.000000,
0.473650 ,0.000000,0.000000,
0.575272 ,0.000000,0.000000,
0.463706 ,0.000000,0.000000,
0.372152 ,0.000000,0.000000,
0.473650 ,0.000000,0.000000,
0.251153 ,0.000000,0.000000,
0.151151 ,0.000000,0.000000,
0.271367 ,0.000000,0.000000,
0.575272 ,0.000000,0.000000,
0.485425 ,0.000000,0.000000,
0.580736 ,0.000000,0.000000,
0.473650 ,0.000000,0.000000,
0.391460 ,0.000000,0.000000,
0.485425 ,0.000000,0.000000,
0.580736 ,0.000000,0.000000,
0.498155 ,0.000000,0.000000,
0.586198 ,0.000000,0.000000,
0.485425 ,0.000000,0.000000,
0.418332 ,0.000000,0.000000,
0.498155 ,0.000000,0.000000,
0.391460 ,0.000000,0.000000,
0.329379 ,0.000000,0.000000,
0.418332 ,0.000000,0.000000,
0.348682 ,0.000000,0.000000,
0.347188 ,0.000000,0.000000,
0.241525 ,0.000000,0.000000,
0.240871 ,0.000000,0.000000,
0.241525 ,0.000000,0.000000,
0.135950 ,0.000000,0.000000,
0.558880 ,0.000000,0.000000,
0.553416 ,0.000000,0.000000,
0.452164 ,0.000000,0.000000,
0.347188 ,0.000000,0.000000,
0.351637 ,0.000000,0.000000,
0.252294 ,0.000000,0.000000,
0.241525 ,0.000000,0.000000,
0.252294 ,0.000000,0.000000,
0.133095 ,0.000000,0.000000,
0.553416 ,0.000000,0.000000,
0.547954 ,0.000000,0.000000,
0.453196 ,0.000000,0.000000,
0.252294 ,0.000000,0.000000,
0.257501 ,0.000000,0.000000,
0.149523 ,0.000000,0.000000,
0.547954 ,0.000000,0.000000,
0.542491 ,0.000000,0.000000,
0.455188 ,0.000000,0.000000,
0.453196 ,0.000000,0.000000,
0.455188 ,0.000000,0.000000,
0.375607 ,0.000000,0.000000,
0.257501 ,0.000000,0.000000,
0.288361 ,0.000000,0.000000,
0.160081 ,0.000000,0.000000,
0.564345 ,0.000000,0.000000,
0.456510 ,0.000000,0.000000,
0.463706 ,0.000000,0.000000,
0.456510 ,0.000000,0.000000,
0.348682 ,0.000000,0.000000,
0.357467 ,0.000000,0.000000,
0.348682 ,0.000000,0.000000,
0.240871 ,0.000000,0.000000,
0.251153 ,0.000000,0.000000,
0.240871 ,0.000000,0.000000,
0.133096 ,0.000000,0.000000,
0.144833 ,0.000000,0.000000,
0.569809 ,0.000000,0.000000,
0.463706 ,0.000000,0.000000,
0.473650 ,0.000000,0.000000,
0.357467 ,0.000000,0.000000,
0.251153 ,0.000000,0.000000,
0.271367 ,0.000000,0.000000,
0.251153 ,0.000000,0.000000,
0.144833 ,0.000000,0.000000,
0.151151 ,0.000000,0.000000,
0.575272 ,0.000000,0.000000,
0.473650 ,0.000000,0.000000,
0.485425 ,0.000000,0.000000,
0.473650 ,0.000000,0.000000,
0.372152 ,0.000000,0.000000,
0.391460 ,0.000000,0.000000,
0.271367 ,0.000000,0.000000,
0.151151 ,0.000000,0.000000,
0.176234 ,0.000000,0.000000,
0.580736 ,0.000000,0.000000,
0.485425 ,0.000000,0.000000,
0.498155 ,0.000000,0.000000,
0.485425 ,0.000000,0.000000,
0.391460 ,0.000000,0.000000,
0.418332 ,0.000000,0.000000,
0.391460 ,0.000000,0.000000,
0.288306 ,0.000000,0.000000,
0.329379 ,0.000000,0.000000,
0.564345 ,0.000000,0.000000,
0.452964 ,0.000000,0.000000,
0.456510 ,0.000000,0.000000,
0.456510 ,0.000000,0.000000,
0.347188 ,0.000000,0.000000,
0.348682 ,0.000000,0.000000,
0.348682 ,0.000000,0.000000,
0.241525 ,0.000000,0.000000,
0.240871 ,0.000000,0.000000,
0.240871 ,0.000000,0.000000,
0.135950 ,0.000000,0.000000,
0.133096 ,0.000000,0.000000,
0.558880 ,0.000000,0.000000,
0.452164 ,0.000000,0.000000,
0.452964 ,0.000000,0.000000,
0.452964 ,0.000000,0.000000,
0.351637 ,0.000000,0.000000,
0.347188 ,0.000000,0.000000,
0.347188 ,0.000000,0.000000,
0.252294 ,0.000000,0.000000,
0.241525 ,0.000000,0.000000,
0.241525 ,0.000000,0.000000,
0.133095 ,0.000000,0.000000,
0.135950 ,0.000000,0.000000,
0.553416 ,0.000000,0.000000,
0.453196 ,0.000000,0.000000,
0.452164 ,0.000000,0.000000,
0.452164 ,0.000000,0.000000,
0.360807 ,0.000000,0.000000,
0.351637 ,0.000000,0.000000,
0.351637 ,0.000000,0.000000,
0.257501 ,0.000000,0.000000,
0.252294 ,0.000000,0.000000,
0.252294 ,0.000000,0.000000,
0.149523 ,0.000000,0.000000,
0.133095 ,0.000000,0.000000,
0.547954 ,0.000000,0.000000,
0.455188 ,0.000000,0.000000,
0.453196 ,0.000000,0.000000,
0.453196 ,0.000000,0.000000,
0.375607 ,0.000000,0.000000,
0.360807 ,0.000000,0.000000,
0.360807 ,0.000000,0.000000,
0.288361 ,0.000000,0.000000,
0.257501 ,0.000000,0.000000,
0.257501 ,0.000000,0.000000,
0.160081 ,0.000000,0.000000,
0.149523 ,0.000000,0.000000,
0.564345 ,0.000000,0.000000,
0.463706 ,0.000000,0.000000,
0.569809 ,0.000000,0.000000,
0.348682 ,0.000000,0.000000,
0.251153 ,0.000000,0.000000,
0.357467 ,0.000000,0.000000,
0.240871 ,0.000000,0.000000,
0.144833 ,0.000000,0.000000,
0.251153 ,0.000000,0.000000,
0.569809 ,0.000000,0.000000,
0.473650 ,0.000000,0.000000,
0.575272 ,0.000000,0.000000,
0.251153 ,0.000000,0.000000,
0.151151 ,0.000000,0.000000,
0.271367 ,0.000000,0.000000,
0.575272 ,0.000000,0.000000,
0.485425 ,0.000000,0.000000,
0.580736 ,0.000000,0.000000,
0.271367 ,0.000000,0.000000,
0.176234 ,0.000000,0.000000,
0.288306 ,0.000000,0.000000,
0.580736 ,0.000000,0.000000,
0.498155 ,0.000000,0.000000,
0.586198 ,0.000000,0.000000,
0.485425 ,0.000000,0.000000,
0.418332 ,0.000000,0.000000,
0.498155 ,0.000000,0.000000,
0.564345 ,0.000000,0.000000,
0.558880 ,0.000000,0.000000,
0.452964 ,0.000000,0.000000,
0.456510 ,0.000000,0.000000,
0.452964 ,0.000000,0.000000,
0.347188 ,0.000000,0.000000,
0.348682 ,0.000000,0.000000,
0.347188 ,0.000000,0.000000,
0.241525 ,0.000000,0.000000,
0.240871 ,0.000000,0.000000,
0.241525 ,0.000000,0.000000,
0.135950 ,0.000000,0.000000,
0.558880 ,0.000000,0.000000,
0.553416 ,0.000000,0.000000,
0.452164 ,0.000000,0.000000,
0.452964 ,0.000000,0.000000,
0.452164 ,0.000000,0.000000,
0.351637 ,0.000000,0.000000,
0.347188 ,0.000000,0.000000,
0.351637 ,0.000000,0.000000,
0.252294 ,0.000000,0.000000,
0.241525 ,0.000000,0.000000,
0.252294 ,0.000000,0.000000,
0.133095 ,0.000000,0.000000,
0.553416 ,0.000000,0.000000,
0.547954 ,0.000000,0.000000,
0.453196 ,0.000000,0.000000,
0.452164 ,0.000000,0.000000,
0.453196 ,0.000000,0.000000,
0.360807 ,0.000000,0.000000,
0.351637 ,0.000000,0.000000,
0.360807 ,0.000000,0.000000,
0.257501 ,0.000000,0.000000,
0.252294 ,0.000000,0.000000,
0.257501 ,0.000000,0.000000,
0.149523 ,0.000000,0.000000,
0.547954 ,0.000000,0.000000,
0.542491 ,0.000000,0.000000,
0.455188 ,0.000000,0.000000,
0.453196 ,0.000000,0.000000,
0.455188 ,0.000000,0.000000,
0.375607 ,0.000000,0.000000,
0.360807 ,0.000000,0.000000,
0.375607 ,0.000000,0.000000,
0.288361 ,0.000000,0.000000,
0.257501 ,0.000000,0.000000,
0.288361 ,0.000000,0.000000,
0.160081 ,0.000000,0.000000,
0.564345 ,0.000000,0.000000,
0.456510 ,0.000000,0.000000,
0.463706 ,0.000000,0.000000,
0.348682 ,0.000000,0.000000,
0.240871 ,0.000000,0.000000,
0.251153 ,0.000000,0.000000,
0.240871 ,0.000000,0.000000,
0.133096 ,0.000000,0.000000,
0.144833 ,0.000000,0.000000,
0.569809 ,0.000000,0.000000,
0.463706 ,0.000000,0.000000,
0.473650 ,0.000000,0.000000,
0.357467 ,0.000000,0.000000,
0.251153 ,0.000000,0.000000,
0.271367 ,0.000000,0.000000,
0.251153 ,0.000000,0.000000,
0.144833 ,0.000000,0.000000,
0.151151 ,0.000000,0.000000,
0.575272 ,0.000000,0.000000,
0.473650 ,0.000000,0.000000,
0.485425 ,0.000000,0.000000,
0.271367 ,0.000000,0.000000,
0.151151 ,0.000000,0.000000,
0.176234 ,0.000000,0.000000,
0.580736 ,0.000000,0.000000,
0.485425 ,0.000000,0.000000,
0.498155 ,0.000000,0.000000,
0.288306 ,0.000000,0.000000,
0.176234 ,0.000000,0.000000,
0.199921 ,0.000000,0.000000,
0.672179 ,0.000000,0.000000,
0.771222 ,0.000000,0.000000,
0.664982 ,0.000000,0.000000,
0.558880 ,0.000000,0.000000,
0.655040 ,0.000000,0.000000,
0.553416 ,0.000000,0.000000,
0.664982 ,0.000000,0.000000,
0.756538 ,0.000000,0.000000,
0.655040 ,0.000000,0.000000,
0.771222 ,0.000000,0.000000,
0.857322 ,0.000000,0.000000,
0.756538 ,0.000000,0.000000,
0.553416 ,0.000000,0.000000,
0.643264 ,0.000000,0.000000,
0.547954 ,0.000000,0.000000,
0.655040 ,0.000000,0.000000,
0.737229 ,0.000000,0.000000,
0.643264 ,0.000000,0.000000,
0.756538 ,0.000000,0.000000,
0.840383 ,0.000000,0.000000,
0.737229 ,0.000000,0.000000,
0.857322 ,0.000000,0.000000,
0.952456 ,0.000000,0.000000,
0.840383 ,0.000000,0.000000,
0.547954 ,0.000000,0.000000,
0.630534 ,0.000000,0.000000,
0.542491 ,0.000000,0.000000,
0.643264 ,0.000000,0.000000,
0.710357 ,0.000000,0.000000,
0.630534 ,0.000000,0.000000,
0.737229 ,0.000000,0.000000,
0.799311 ,0.000000,0.000000,
0.710357 ,0.000000,0.000000,
0.840383 ,0.000000,0.000000,
0.928767 ,0.000000,0.000000,
0.799311 ,0.000000,0.000000,
0.887818 ,0.000000,0.000000,
0.992740 ,0.000000,0.000000,
0.995594 ,0.000000,0.000000,
0.781501 ,0.000000,0.000000,
0.876394 ,0.000000,0.000000,
0.887165 ,0.000000,0.000000,
0.887165 ,0.000000,0.000000,
0.995594 ,0.000000,0.000000,
0.992740 ,0.000000,0.000000,
0.575272 ,0.000000,0.000000,
0.675494 ,0.000000,0.000000,
0.676526 ,0.000000,0.000000,
0.876394 ,0.000000,0.000000,
0.979166 ,0.000000,0.000000,
0.995594 ,0.000000,0.000000,
0.580736 ,0.000000,0.000000,
0.673501 ,0.000000,0.000000,
0.675494 ,0.000000,0.000000,
0.675494 ,0.000000,0.000000,
0.753081 ,0.000000,0.000000,
0.767883 ,0.000000,0.000000,
0.871189 ,0.000000,0.000000,
0.968608 ,0.000000,0.000000,
0.979166 ,0.000000,0.000000,
0.672179 ,0.000000,0.000000,
0.780008 ,0.000000,0.000000,
0.771222 ,0.000000,0.000000,
0.887818 ,0.000000,0.000000,
0.995594 ,0.000000,0.000000,
0.983855 ,0.000000,0.000000,
0.558880 ,0.000000,0.000000,
0.664982 ,0.000000,0.000000,
0.655040 ,0.000000,0.000000,
0.664982 ,0.000000,0.000000,
0.771222 ,0.000000,0.000000,
0.756538 ,0.000000,0.000000,
0.553416 ,0.000000,0.000000,
0.655040 ,0.000000,0.000000,
0.643264 ,0.000000,0.000000,
0.655040 ,0.000000,0.000000,
0.756538 ,0.000000,0.000000,
0.737229 ,0.000000,0.000000,
0.756538 ,0.000000,0.000000,
0.857322 ,0.000000,0.000000,
0.840383 ,0.000000,0.000000,
0.547954 ,0.000000,0.000000,
0.643264 ,0.000000,0.000000,
0.630534 ,0.000000,0.000000,
0.643264 ,0.000000,0.000000,
0.737229 ,0.000000,0.000000,
0.710357 ,0.000000,0.000000,
0.737229 ,0.000000,0.000000,
0.840383 ,0.000000,0.000000,
0.799311 ,0.000000,0.000000,
0.840383 ,0.000000,0.000000,
0.952456 ,0.000000,0.000000,
0.928767 ,0.000000,0.000000,
0.887818 ,0.000000,0.000000,
0.887165 ,0.000000,0.000000,
0.992740 ,0.000000,0.000000,
0.569809 ,0.000000,0.000000,
0.575272 ,0.000000,0.000000,
0.676526 ,0.000000,0.000000,
0.887165 ,0.000000,0.000000,
0.876394 ,0.000000,0.000000,
0.995594 ,0.000000,0.000000,
0.575272 ,0.000000,0.000000,
0.580736 ,0.000000,0.000000,
0.675494 ,0.000000,0.000000,
0.676526 ,0.000000,0.000000,
0.675494 ,0.000000,0.000000,
0.767883 ,0.000000,0.000000,
0.876394 ,0.000000,0.000000,
0.871189 ,0.000000,0.000000,
0.979166 ,0.000000,0.000000,
0.580736 ,0.000000,0.000000,
0.586198 ,0.000000,0.000000,
0.673501 ,0.000000,0.000000,
0.675494 ,0.000000,0.000000,
0.673501 ,0.000000,0.000000,
0.753081 ,0.000000,0.000000,
0.767883 ,0.000000,0.000000,
0.753081 ,0.000000,0.000000,
0.840327 ,0.000000,0.000000,
0.871189 ,0.000000,0.000000,
0.840327 ,0.000000,0.000000,
0.968608 ,0.000000,0.000000,
0.564345 ,0.000000,0.000000,
0.664982 ,0.000000,0.000000,
0.558880 ,0.000000,0.000000,
0.672179 ,0.000000,0.000000,
0.771222 ,0.000000,0.000000,
0.664982 ,0.000000,0.000000,
0.558880 ,0.000000,0.000000,
0.655040 ,0.000000,0.000000,
0.553416 ,0.000000,0.000000,
0.664982 ,0.000000,0.000000,
0.756538 ,0.000000,0.000000,
0.655040 ,0.000000,0.000000,
0.553416 ,0.000000,0.000000,
0.643264 ,0.000000,0.000000,
0.547954 ,0.000000,0.000000,
0.655040 ,0.000000,0.000000,
0.737229 ,0.000000,0.000000,
0.643264 ,0.000000,0.000000,
0.547954 ,0.000000,0.000000,
0.630534 ,0.000000,0.000000,
0.542491 ,0.000000,0.000000,
0.643264 ,0.000000,0.000000,
0.710357 ,0.000000,0.000000,
0.630534 ,0.000000,0.000000,
0.840383 ,0.000000,0.000000,
0.928767 ,0.000000,0.000000,
0.799311 ,0.000000,0.000000,
0.564345 ,0.000000,0.000000,
0.675725 ,0.000000,0.000000,
0.672179 ,0.000000,0.000000,
0.672179 ,0.000000,0.000000,
0.781501 ,0.000000,0.000000,
0.780008 ,0.000000,0.000000,
0.780008 ,0.000000,0.000000,
0.887165 ,0.000000,0.000000,
0.887818 ,0.000000,0.000000,
0.887818 ,0.000000,0.000000,
0.992740 ,0.000000,0.000000,
0.995594 ,0.000000,0.000000,
0.569809 ,0.000000,0.000000,
0.676526 ,0.000000,0.000000,
0.675725 ,0.000000,0.000000,
0.675725 ,0.000000,0.000000,
0.777053 ,0.000000,0.000000,
0.781501 ,0.000000,0.000000,
0.781501 ,0.000000,0.000000,
0.876394 ,0.000000,0.000000,
0.887165 ,0.000000,0.000000,
0.887165 ,0.000000,0.000000,
0.995594 ,0.000000,0.000000,
0.992740 ,0.000000,0.000000,
0.575272 ,0.000000,0.000000,
0.675494 ,0.000000,0.000000,
0.676526 ,0.000000,0.000000,
0.777053 ,0.000000,0.000000,
0.871189 ,0.000000,0.000000,
0.876394 ,0.000000,0.000000,
0.876394 ,0.000000,0.000000,
0.979166 ,0.000000,0.000000,
0.995594 ,0.000000,0.000000,
0.580736 ,0.000000,0.000000,
0.673501 ,0.000000,0.000000,
0.675494 ,0.000000,0.000000,
0.767883 ,0.000000,0.000000,
0.840327 ,0.000000,0.000000,
0.871189 ,0.000000,0.000000,
0.871189 ,0.000000,0.000000,
0.968608 ,0.000000,0.000000,
0.979166 ,0.000000,0.000000,
0.564345 ,0.000000,0.000000,
0.672179 ,0.000000,0.000000,
0.664982 ,0.000000,0.000000,
0.672179 ,0.000000,0.000000,
0.780008 ,0.000000,0.000000,
0.771222 ,0.000000,0.000000,
0.558880 ,0.000000,0.000000,
0.664982 ,0.000000,0.000000,
0.655040 ,0.000000,0.000000,
0.664982 ,0.000000,0.000000,
0.771222 ,0.000000,0.000000,
0.756538 ,0.000000,0.000000,
0.553416 ,0.000000,0.000000,
0.655040 ,0.000000,0.000000,
0.643264 ,0.000000,0.000000,
0.655040 ,0.000000,0.000000,
0.756538 ,0.000000,0.000000,
0.737229 ,0.000000,0.000000,
0.857322 ,0.000000,0.000000,
0.977538 ,0.000000,0.000000,
0.952456 ,0.000000,0.000000,
0.547954 ,0.000000,0.000000,
0.643264 ,0.000000,0.000000,
0.630534 ,0.000000,0.000000,
0.643264 ,0.000000,0.000000,
0.737229 ,0.000000,0.000000,
0.710357 ,0.000000,0.000000,
0.840383 ,0.000000,0.000000,
0.952456 ,0.000000,0.000000,
0.928767 ,0.000000,0.000000,
0.564345 ,0.000000,0.000000,
0.569809 ,0.000000,0.000000,
0.675725 ,0.000000,0.000000,
0.672179 ,0.000000,0.000000,
0.675725 ,0.000000,0.000000,
0.781501 ,0.000000,0.000000,
0.780008 ,0.000000,0.000000,
0.781501 ,0.000000,0.000000,
0.887165 ,0.000000,0.000000,
0.887818 ,0.000000,0.000000,
0.887165 ,0.000000,0.000000,
0.992740 ,0.000000,0.000000,
0.569809 ,0.000000,0.000000,
0.575272 ,0.000000,0.000000,
0.676526 ,0.000000,0.000000,
0.675725 ,0.000000,0.000000,
0.676526 ,0.000000,0.000000,
0.777053 ,0.000000,0.000000,
0.781501 ,0.000000,0.000000,
0.777053 ,0.000000,0.000000,
0.876394 ,0.000000,0.000000,
0.887165 ,0.000000,0.000000,
0.876394 ,0.000000,0.000000,
0.995594 ,0.000000,0.000000,
0.575272 ,0.000000,0.000000,
0.580736 ,0.000000,0.000000,
0.675494 ,0.000000,0.000000,
0.777053 ,0.000000,0.000000,
0.767883 ,0.000000,0.000000,
0.871189 ,0.000000,0.000000,
0.876394 ,0.000000,0.000000,
0.871189 ,0.000000,0.000000,
0.979166 ,0.000000,0.000000,
0.580736 ,0.000000,0.000000,
0.586198 ,0.000000,0.000000,
0.673501 ,0.000000,0.000000,
0.767883 ,0.000000,0.000000,
0.753081 ,0.000000,0.000000,
0.840327 ,0.000000,0.000000,
0.871189 ,0.000000,0.000000,
0.840327 ,0.000000,0.000000,
0.968608 ,0.000000,0.000000